#1:iter	2:compliance	3:duration	4:volume	5:physical_volume	6:physical_greyness	7:nObj
0 	1.04322 	31.7 	0.5 	0.125 	0.4375 	1
1 	1.04316 	14.95 	0.499998 	0.124998 	0.437495 	2
2 	4.34626 	15.438 	0.199874 	0.00887019 	0.0344134 	3
3 	4.24555 	15.522 	0.199985 	0.00884596 	0.0344057 	4
4 	3.19756 	14.591 	0.19999 	0.00912056 	0.0354944 	5
5 	2.11311 	14.802 	0.199991 	0.0105097 	0.0392892 	6
6 	1.40182 	14.615 	0.199992 	0.0123061 	0.0438102 	7
7 	0.925911 	14.364 	0.199994 	0.0157628 	0.0493474 	8
8 	0.708239 	14.38 	0.199995 	0.0190589 	0.0523422 	9
9 	0.606444 	14.449 	0.199995 	0.0215177 	0.0534941 	10
10 	0.520408 	14.722 	0.199996 	0.0243962 	0.0543531 	11
11 	0.625432 	14.387 	0.2 	0.0208566 	0.0540021 	12
12 	0.549195 	14.412 	0.199998 	0.0230873 	0.0563365 	13
13 	0.489762 	14.437 	0.199998 	0.0255118 	0.0571306 	14
14 	0.431859 	14.592 	0.199998 	0.0286338 	0.0579526 	15
15 	0.386301 	14.596 	0.199998 	0.0319519 	0.0575764 	16
16 	0.344685 	14.481 	0.199998 	0.0360532 	0.0571729 	17
17 	0.323343 	14.429 	0.199998 	0.038598 	0.0569876 	18
18 	0.303363 	14.381 	0.199998 	0.0414027 	0.0573492 	19
19 	0.283973 	14.533 	0.199997 	0.0447835 	0.0569758 	20
20 	0.268861 	14.634 	0.199997 	0.0478259 	0.055601 	21
21 	0.261225 	14.631 	0.199997 	0.0495663 	0.0546767 	22
22 	0.251024 	14.864 	0.199997 	0.0521119 	0.0531031 	23
23 	0.242341 	14.429 	0.199997 	0.0545598 	0.0512494 	24
24 	0.238106 	14.407 	0.199997 	0.0558476 	0.0505477 	25
25 	0.238 	14.351 	0.199998 	0.0558686 	0.0504814 	26
26 	0.232519 	14.297 	0.199999 	0.0572502 	0.0462434 	27
27 	0.227362 	14.436 	0.199999 	0.0590205 	0.0410843 	28
28 	0.223292 	14.368 	0.199999 	0.0607994 	0.0365245 	29
29 	0.221578 	14.367 	0.199999 	0.0616479 	0.0347892 	30
30 	0.220001 	14.414 	0.199999 	0.062446 	0.0336779 	31
31 	0.218003 	14.534 	0.199999 	0.0634653 	0.0330885 	32
32 	0.215292 	14.425 	0.199999 	0.0649215 	0.0328102 	33
33 	0.212075 	14.626 	0.199998 	0.0668448 	0.0330287 	34
34 	0.212013 	14.393 	0.2 	0.0668596 	0.0329725 	35
35 	0.210456 	14.618 	0.2 	0.0674906 	0.0307028 	36
36 	0.209717 	14.35 	0.2 	0.0680149 	0.0292748 	37
37 	0.209176 	14.467 	0.2 	0.0684263 	0.0285393 	38
38 	0.20811 	14.383 	0.2 	0.0692048 	0.0280107 	39
39 	0.206417 	14.468 	0.2 	0.0704279 	0.0277987 	40
40 	0.204649 	14.518 	0.2 	0.0717641 	0.0277316 	41
41 	0.204639 	14.408 	0.2 	0.0717667 	0.0277218 	42
42 	0.204301 	14.44 	0.2 	0.0719926 	0.0269886 	43
43 	0.203976 	14.458 	0.2 	0.0723006 	0.0263158 	44
44 	0.203559 	14.454 	0.2 	0.0726471 	0.0261261 	45
45 	0.202655 	14.389 	0.2 	0.0733687 	0.026069 	46
46 	0.201765 	14.452 	0.2 	0.0741013 	0.0260871 	47
47 	0.201707 	14.44 	0.2 	0.0741155 	0.0260305 	48
48 	0.201554 	14.337 	0.2 	0.0742489 	0.0256452 	49
49 	0.201342 	14.394 	0.2 	0.0744497 	0.025443 	50
50 	0.200983 	14.441 	0.2 	0.0747484 	0.0254229 	51
51 	0.200461 	14.357 	0.2 	0.0751903 	0.0253962 	52
52 	0.200415 	14.425 	0.2 	0.0752022 	0.0253492 	53
53 	0.200345 	14.391 	0.2 	0.0752768 	0.02516 	54
54 	0.200198 	14.332 	0.2 	0.0754086 	0.0251292 	55
55 	0.199833 	14.365 	0.2 	0.0757317 	0.0251427 	56
56 	0.199201 	14.475 	0.2 	0.0763105 	0.0251847 	57
57 	0.19917 	14.382 	0.2 	0.0763195 	0.0251496 	58
58 	0.199101 	14.379 	0.2 	0.0764004 	0.0249838 	59
59 	0.198899 	14.448 	0.2 	0.0765991 	0.0249624 	60
60 	0.198295 	14.423 	0.2 	0.0771985 	0.025017 	61
61 	0.197252 	14.375 	0.2 	0.0782846 	0.0252373 	62
62 	0.197251 	14.401 	0.2 	0.0782851 	0.0252352 	63
63 	0.197211 	14.387 	0.2 	0.0783321 	0.0251792 	64
64 	0.197115 	14.395 	0.2 	0.0784378 	0.0251174 	65
65 	0.19704 	14.389 	0.2 	0.0785188 	0.0250876 	66
66 	0.197028 	14.429 	0.2 	0.0785238 	0.0250691 	67
67 	0.19701 	14.371 	0.2 	0.078544 	0.0250576 	68
68 	0.196983 	14.451 	0.2 	0.0785741 	0.0250502 	69
69 	0.196935 	14.325 	0.2 	0.0786263 	0.0250412 	70
70 	0.196931 	14.341 	0.2 	0.078629 	0.0250322 	71
71 	0.196911 	14.282 	0.2 	0.0786512 	0.0250286 	72
72 	0.196858 	14.339 	0.2 	0.0787087 	0.0250247 	73
73 	0.196758 	14.48 	0.2 	0.0788178 	0.0250261 	74
74 	0.196756 	14.482 	0.2 	0.0788194 	0.0250214 	75
75 	0.196728 	14.847 	0.2 	0.0788498 	0.0250215 	76
76 	0.196615 	14.349 	0.2 	0.0789714 	0.0250366 	77
77 	0.196399 	14.441 	0.2 	0.079205 	0.0250729 	78
78 	0.196398 	14.463 	0.2 	0.0792061 	0.0250699 	79
79 	0.196333 	14.438 	0.2 	0.0792779 	0.0250741 	80
80 	0.196187 	14.44 	0.2 	0.0794376 	0.0251001 	81
81 	0.195753 	14.488 	0.2 	0.0799215 	0.0252031 	82
82 	0.195753 	14.389 	0.2 	0.0799216 	0.0252028 	83
83 	0.195683 	14.397 	0.2 	0.0800029 	0.0252068 	84
84 	0.195399 	15.036 	0.2 	0.0803352 	0.02526 	85
85 	0.194806 	14.701 	0.2 	0.0810484 	0.0253574 	86
86 	0.194806 	14.548 	0.2 	0.0810486 	0.0253569 	87
87 	0.194712 	14.136 	0.2 	0.081165 	0.0253387 	88
88 	0.194334 	14.109 	0.2 	0.0816369 	0.0253738 	89
89 	0.193747 	14.338 	0.2 	0.0823944 	0.0255136 	90
90 	0.193747 	14.111 	0.2 	0.0823946 	0.025513 	91
91 	0.193662 	14.073 	0.2 	0.0825093 	0.0254848 	92
92 	0.19343 	14.196 	0.2 	0.0828176 	0.025533 	93
93 	0.192885 	14.121 	0.2 	0.0835659 	0.0256618 	94
94 	0.192885 	14.158 	0.2 	0.0835662 	0.0256612 	95
95 	0.192822 	14.104 	0.2 	0.0836567 	0.0256325 	96
96 	0.192586 	14.049 	0.2 	0.0839933 	0.0256717 	97
97 	0.192157 	14.065 	0.2 	0.0846187 	0.025758 	98
98 	0.192157 	14.146 	0.2 	0.084619 	0.0257573 	99
99 	0.192093 	14.013 	0.2 	0.0847162 	0.0257254 	100
100 	0.191833 	14.009 	0.2 	0.0851073 	0.0257417 	101
101 	0.191483 	14.086 	0.2 	0.085646 	0.0257771 	102
102 	0.191482 	14.071 	0.2 	0.085647 	0.0257748 	103
103 	0.191415 	14.093 	0.2 	0.085755 	0.0257408 	104
104 	0.191144 	14.126 	0.2 	0.0861841 	0.0257594 	105
105 	0.190659 	14.087 	0.2 	0.0869716 	0.0258404 	106
106 	0.190658 	14.075 	0.2 	0.0869719 	0.0258397 	107
107 	0.190597 	14.103 	0.2 	0.0870765 	0.0258022 	108
108 	0.190327 	14.065 	0.2 	0.0875305 	0.0258032 	109
109 	0.189986 	14.077 	0.2 	0.0881141 	0.0258437 	110
110 	0.189986 	14.036 	0.2 	0.0881144 	0.0258428 	111
111 	0.189882 	14.044 	0.2 	0.0883021 	0.025759 	112
112 	0.189677 	14.028 	0.2 	0.0886649 	0.0257536 	113
113 	0.189269 	14.138 	0.2 	0.0894049 	0.0257739 	114
114 	0.189269 	13.999 	0.2 	0.0894052 	0.025773 	115
115 	0.189221 	14.098 	0.2 	0.0894954 	0.025738 	116
116 	0.189068 	13.995 	0.2 	0.0897827 	0.0257399 	117
117 	0.188631 	14.04 	0.2 	0.0906183 	0.0257692 	118
118 	0.188631 	14.091 	0.2 	0.0906187 	0.0257679 	119
119 	0.188605 	14.116 	0.2 	0.0906716 	0.025744 	120
120 	0.188376 	14.083 	0.2 	0.0911271 	0.0257309 	121
121 	0.187994 	14.073 	0.2 	0.0919066 	0.025722 	122
122 	0.187994 	14.019 	0.2 	0.0919071 	0.0257206 	123
123 	0.187959 	14.229 	0.2 	0.0919819 	0.0256814 	124
124 	0.187783 	14.027 	0.2 	0.0923506 	0.0256696 	125
125 	0.187275 	13.988 	0.2 	0.0934433 	0.0257631 	126
126 	0.187275 	14.035 	0.2 	0.0934439 	0.025761 	127
127 	0.187236 	14.071 	0.2 	0.0935368 	0.0256435 	128
128 	0.187164 	14.093 	0.2 	0.0937055 	0.0255515 	129
129 	0.187052 	14.109 	0.2 	0.0939693 	0.0254549 	130
130 	0.187051 	14.056 	0.2 	0.0939711 	0.0254489 	131
131 	0.187029 	14.058 	0.2 	0.0940248 	0.0254115 	132
132 	0.18698 	14.051 	0.2 	0.0941406 	0.0253756 	133
133 	0.1869 	14.394 	0.2 	0.0943296 	0.0253313 	134
134 	0.186899 	14.078 	0.2 	0.0943307 	0.0253279 	135
135 	0.186868 	14.02 	0.2 	0.0944061 	0.0253058 	136
136 	0.18676 	14.065 	0.2 	0.0946593 	0.0252698 	137
137 	0.186478 	14.009 	0.2 	0.0953353 	0.0252337 	138
138 	0.186478 	14.161 	0.2 	0.0953363 	0.0252308 	139
139 	0.186448 	14.074 	0.2 	0.095409 	0.0252087 	140
140 	0.186342 	14.065 	0.2 	0.0956684 	0.0252046 	141
141 	0.18604 	14.119 	0.2 	0.0964155 	0.0252569 	142
142 	0.18604 	14.162 	0.2 	0.0964163 	0.0252545 	143
143 	0.18601 	14.025 	0.2 	0.0964944 	0.0252315 	144
144 	0.18581 	14.117 	0.2 	0.0970044 	0.0252753 	145
145 	0.185448 	14.089 	0.2 	0.0979486 	0.0256009 	146
146 	0.185448 	14.049 	0.2 	0.097949 	0.0255995 	147
147 	0.185418 	14.087 	0.2 	0.098037 	0.0255258 	148
148 	0.18533 	14.207 	0.2 	0.098288 	0.0254553 	149
149 	0.18525 	14.252 	0.2 	0.0985137 	0.0254499 	150
150 	0.185249 	14.156 	0.2 	0.098515 	0.0254455 	151
151 	0.185229 	14.099 	0.2 	0.0985744 	0.0254245 	152
152 	0.185175 	14.062 	0.2 	0.0987272 	0.0254327 	153
153 	0.185074 	14.163 	0.2 	0.0990185 	0.025473 	154
154 	0.185073 	14.083 	0.2 	0.0990188 	0.0254721 	155
155 	0.185055 	14.032 	0.2 	0.0990707 	0.025475 	156
156 	0.184946 	14.236 	0.2 	0.0993853 	0.0255406 	157
157 	0.184757 	14.069 	0.2 	0.0999349 	0.0256742 	158
158 	0.184757 	14.148 	0.2 	0.0999358 	0.0256714 	159
159 	0.184723 	14.018 	0.2 	0.10004 	0.0256636 	160
160 	0.184613 	14.05 	0.2 	0.10037 	0.0257182 	161
161 	0.184388 	14.151 	0.2 	0.101069 	0.0258876 	162
162 	0.184388 	14.018 	0.2 	0.101069 	0.0258867 	163
163 	0.184363 	14.124 	0.2 	0.101146 	0.0258797 	164
164 	0.18423 	14.057 	0.2 	0.101575 	0.025969 	165
165 	0.183987 	14.167 	0.2 	0.102376 	0.026158 	166
166 	0.183987 	14.115 	0.2 	0.102376 	0.0261569 	167
167 	0.183974 	14.025 	0.2 	0.10242 	0.0261471 	168
168 	0.183844 	14.723 	0.2 	0.102871 	0.026201 	169
169 	0.183631 	15.553 	0.2 	0.103628 	0.0263456 	170
170 	0.18363 	16.967 	0.2 	0.103628 	0.0263447 	171
171 	0.1836 	17.189 	0.2 	0.103742 	0.0263003 	172
172 	0.183497 	15.938 	0.2 	0.104122 	0.026333 	173
173 	0.183309 	14.558 	0.2 	0.104831 	0.0264221 	174
174 	0.183309 	14.52 	0.2 	0.104832 	0.0264196 	175
175 	0.18328 	24.101 	0.2 	0.104946 	0.0263809 	176
176 	0.183178 	19.126 	0.2 	0.105341 	0.0263899 	177
177 	0.18302 	22.444 	0.2 	0.105973 	0.0264395 	178
178 	0.18302 	20.291 	0.2 	0.105973 	0.0264379 	179
179 	0.182989 	22 	0.2 	0.106105 	0.026393 	180
180 	0.182884 	21.584 	0.2 	0.106537 	0.0263724 	181
181 	0.182721 	21.196 	0.2 	0.107229 	0.02639 	182
182 	0.182721 	20.85 	0.2 	0.10723 	0.026389 	183
183 	0.182695 	21.302 	0.2 	0.107344 	0.0263392 	184
184 	0.182588 	20.876 	0.2 	0.107821 	0.0262784 	185
185 	0.182411 	20.861 	0.2 	0.108617 	0.0262411 	186
186 	0.182411 	20.768 	0.2 	0.108617 	0.0262397 	187
187 	0.182387 	20.239 	0.2 	0.108734 	0.0261712 	188
188 	0.182308 	21.346 	0.2 	0.1091 	0.0261128 	189
189 	0.182115 	21.173 	0.2 	0.110022 	0.0260188 	190
190 	0.182114 	20.758 	0.2 	0.110023 	0.0260173 	191
191 	0.182102 	21.516 	0.2 	0.110085 	0.0259763 	192
192 	0.18202 	21.306 	0.2 	0.110488 	0.025898 	193
193 	0.181874 	21.201 	0.2 	0.111218 	0.025875 	194
194 	0.181874 	21.35 	0.2 	0.111218 	0.0258743 	195
195 	0.181846 	21.231 	0.2 	0.111366 	0.0257555 	196
196 	0.18179 	20.367 	0.2 	0.111654 	0.0257115 	197
197 	0.181648 	21.135 	0.2 	0.112396 	0.0257014 	198
198 	0.181648 	21.316 	0.2 	0.112396 	0.0256999 	199
199 	0.181629 	22.192 	0.2 	0.112501 	0.0256265 	200
200 	0.181548 	21.405 	0.2 	0.112943 	0.0255376 	201
201 	0.181456 	24.383 	0.2 	0.113445 	0.0255142 	202
202 	0.181456 	20.643 	0.2 	0.113445 	0.0255125 	203
203 	0.181433 	20.66 	0.2 	0.113579 	0.0254241 	204
204 	0.181348 	20.265 	0.2 	0.114058 	0.0253409 	205
205 	0.181193 	20.502 	0.2 	0.114946 	0.0253059 	206
206 	0.181193 	20.581 	0.2 	0.114947 	0.0253053 	207
207 	0.181176 	20.354 	0.2 	0.115049 	0.0252236 	208
208 	0.181135 	19.783 	0.2 	0.115295 	0.0251477 	209
209 	0.18106 	21.158 	0.2 	0.115743 	0.0250775 	210
210 	0.18106 	18.935 	0.2 	0.115744 	0.0250755 	211
211 	0.181044 	15.378 	0.2 	0.115846 	0.0250063 	212
212 	0.180997 	15.58 	0.2 	0.116135 	0.024936 	213
213 	0.180898 	17.083 	0.2 	0.116747 	0.0248462 	214
214 	0.180898 	14.94 	0.2 	0.116747 	0.0248457 	215
215 	0.180885 	14.512 	0.2 	0.11683 	0.0247998 	216
216 	0.18081 	14.406 	0.2 	0.117304 	0.0247287 	217
217 	0.180664 	14.413 	0.2 	0.118232 	0.0246815 	218
218 	0.180664 	14.447 	0.2 	0.118232 	0.024681 	219
219 	0.180652 	14.389 	0.2 	0.118316 	0.0246049 	220
220 	0.180618 	14.546 	0.2 	0.118549 	0.0244996 	221
221 	0.180552 	14.729 	0.2 	0.118998 	0.0243749 	222
222 	0.180552 	14.384 	0.2 	0.118999 	0.0243728 	223
223 	0.180543 	14.402 	0.2 	0.119065 	0.0243227 	224
224 	0.18051 	14.358 	0.2 	0.119289 	0.024258 	225
225 	0.180444 	14.406 	0.2 	0.119749 	0.0241867 	226
226 	0.180444 	14.43 	0.2 	0.119749 	0.0241862 	227
227 	0.180435 	14.39 	0.2 	0.119813 	0.0241491 	228
228 	0.18037 	14.479 	0.2 	0.120272 	0.0240739 	229
229 	0.180251 	14.335 	0.2 	0.121137 	0.0240355 	230
230 	0.180251 	14.351 	0.2 	0.121137 	0.0240349 	231
231 	0.180242 	14.535 	0.2 	0.121202 	0.0239767 	232
232 	0.18021 	16.515 	0.2 	0.12145 	0.0238873 	233
233 	0.18016 	15.714 	0.2 	0.121829 	0.0238111 	234
234 	0.18016 	14.856 	0.2 	0.12183 	0.0238092 	235
235 	0.180153 	14.741 	0.2 	0.121884 	0.0237705 	236
236 	0.180127 	16.584 	0.2 	0.122083 	0.0237267 	237
237 	0.180077 	15.146 	0.2 	0.122475 	0.0236764 	238
238 	0.180077 	15.493 	0.2 	0.122476 	0.023676 	239
239 	0.180066 	14.964 	0.2 	0.122564 	0.0236293 	240
240 	0.180011 	14.916 	0.2 	0.123001 	0.0235619 	241
241 	0.179914 	14.718 	0.2 	0.123769 	0.0235144 	242
242 	0.179914 	14.711 	0.2 	0.12377 	0.0235139 	243
243 	0.179904 	14.426 	0.2 	0.123861 	0.0234475 	244
244 	0.179867 	14.409 	0.2 	0.124169 	0.0233493 	245
245 	0.179798 	14.843 	0.2 	0.124736 	0.023238 	246
246 	0.179798 	14.653 	0.2 	0.124736 	0.0232363 	247
247 	0.179789 	14.431 	0.2 	0.124818 	0.0231819 	248
248 	0.179753 	14.492 	0.2 	0.125119 	0.0230996 	249
249 	0.179667 	14.356 	0.2 	0.125838 	0.022938 	250
250 	0.179667 	14.502 	0.2 	0.125838 	0.0229376 	251
251 	0.179657 	14.546 	0.2 	0.12593 	0.0228751 	252
252 	0.179623 	14.488 	0.2 	0.126225 	0.0227951 	253
253 	0.179514 	14.449 	0.2 	0.127168 	0.0226031 	254
254 	0.179514 	14.404 	0.2 	0.127168 	0.0226026 	255
255 	0.179506 	16.809 	0.2 	0.127249 	0.0225293 	256
256 	0.179471 	15.103 	0.2 	0.127572 	0.0223673 	257
257 	0.179407 	14.392 	0.2 	0.128152 	0.0221981 	258
258 	0.179407 	14.428 	0.2 	0.128152 	0.0221965 	259
259 	0.179401 	14.389 	0.2 	0.128218 	0.0221338 	260
260 	0.179373 	14.397 	0.2 	0.12848 	0.0220321 	261
261 	0.179291 	14.478 	0.2 	0.129259 	0.0218114 	262
262 	0.179291 	14.317 	0.2 	0.129259 	0.021811 	263
263 	0.179283 	15.15 	0.2 	0.129338 	0.0217338 	264
264 	0.179245 	15.903 	0.2 	0.129719 	0.0216042 	265
265 	0.179161 	15.503 	0.2 	0.130565 	0.0214429 	266
266 	0.179161 	15.718 	0.2 	0.130565 	0.0214425 	267
267 	0.179155 	16.24 	0.2 	0.130631 	0.0213659 	268
268 	0.17913 	14.542 	0.2 	0.130899 	0.0212411 	269
269 	0.179084 	15.379 	0.2 	0.131379 	0.0211021 	270
270 	0.179084 	14.454 	0.2 	0.13138 	0.0211006 	271
271 	0.17908 	14.374 	0.2 	0.131432 	0.0210482 	272
272 	0.179054 	14.383 	0.2 	0.131714 	0.0209432 	273
273 	0.17901 	14.404 	0.2 	0.132195 	0.0208276 	274
274 	0.17901 	14.369 	0.2 	0.132195 	0.0208272 	275
275 	0.179004 	14.473 	0.2 	0.13226 	0.0207725 	276
276 	0.178963 	14.545 	0.2 	0.132717 	0.0206435 	277
277 	0.178909 	14.492 	0.2 	0.13332 	0.0205578 	278
278 	0.178909 	14.381 	0.2 	0.13332 	0.0205574 	279
279 	0.178905 	14.39 	0.2 	0.13337 	0.0204977 	280
280 	0.178891 	14.374 	0.2 	0.133535 	0.0204069 	281
281 	0.178873 	14.363 	0.2 	0.133755 	0.0203267 	282
282 	0.178872 	14.416 	0.2 	0.133756 	0.0203249 	283
283 	0.178869 	14.36 	0.2 	0.1338 	0.020288 	284
284 	0.178854 	15.408 	0.2 	0.133974 	0.0202276 	285
285 	0.178829 	14.887 	0.2 	0.134277 	0.0201515 	286
286 	0.178829 	15.452 	0.2 	0.134277 	0.0201512 	287
287 	0.178824 	15.79 	0.2 	0.13434 	0.020121 	288
288 	0.17879 	15.557 	0.2 	0.134735 	0.0200369 	289
289 	0.178747 	14.659 	0.2 	0.135259 	0.0199994 	290
290 	0.178746 	14.618 	0.2 	0.135259 	0.019999 	291
291 	0.178744 	14.605 	0.2 	0.135288 	0.019976 	292
292 	0.178732 	14.596 	0.2 	0.135446 	0.0199111 	293
293 	0.178709 	14.629 	0.2 	0.135731 	0.0198275 	294
294 	0.178709 	14.547 	0.2 	0.135731 	0.0198259 	295
295 	0.178706 	14.741 	0.2 	0.135775 	0.0197963 	296
296 	0.178692 	14.689 	0.2 	0.135941 	0.0197549 	297
297 	0.178665 	14.754 	0.2 	0.136287 	0.0196848 	298
298 	0.178665 	14.513 	0.2 	0.136287 	0.0196845 	299
299 	0.178659 	14.547 	0.2 	0.136369 	0.0196506 	300
300 	0.178625 	14.617 	0.2 	0.136804 	0.0195591 	301
301 	0.178586 	14.676 	0.2 	0.137299 	0.0195251 	302
302 	0.178586 	14.554 	0.2 	0.137299 	0.0195247 	303
303 	0.178584 	14.605 	0.2 	0.137332 	0.0195025 	304
304 	0.178573 	14.636 	0.2 	0.137476 	0.0194468 	305
305 	0.17855 	14.749 	0.2 	0.137785 	0.0193723 	306
306 	0.17855 	14.593 	0.2 	0.137785 	0.0193709 	307
307 	0.178547 	14.649 	0.2 	0.137822 	0.0193485 	308
308 	0.178534 	14.756 	0.2 	0.138005 	0.0193133 	309
309 	0.178515 	14.692 	0.2 	0.13826 	0.0192914 	310
310 	0.178515 	14.66 	0.2 	0.13826 	0.0192911 	311
311 	0.178511 	14.577 	0.2 	0.138318 	0.0192708 	312
312 	0.178486 	14.549 	0.2 	0.138662 	0.0192426 	313
313 	0.178433 	14.649 	0.2 	0.13941 	0.0192355 	314
314 	0.178433 	14.585 	0.2 	0.13941 	0.0192352 	315
315 	0.178429 	14.768 	0.2 	0.139468 	0.0191995 	316
316 	0.178412 	14.553 	0.2 	0.139723 	0.0191348 	317
317 	0.178387 	14.676 	0.2 	0.140086 	0.0191066 	318
318 	0.178387 	14.945 	0.2 	0.140086 	0.0191055 	319
319 	0.178383 	14.613 	0.2 	0.140148 	0.019072 	320
320 	0.178362 	14.605 	0.2 	0.14046 	0.0190229 	321
321 	0.178334 	14.961 	0.2 	0.140886 	0.0190202 	322
322 	0.178334 	14.749 	0.2 	0.140886 	0.0190199 	323
323 	0.178328 	14.923 	0.2 	0.140969 	0.0189845 	324
324 	0.1783 	14.473 	0.2 	0.141396 	0.0189706 	325
325 	0.178246 	14.433 	0.2 	0.142237 	0.0190926 	326
326 	0.178246 	14.45 	0.2 	0.142238 	0.0190922 	327
327 	0.178244 	14.434 	0.2 	0.14227 	0.0190651 	328
328 	0.178237 	14.401 	0.2 	0.142399 	0.0190054 	329
329 	0.178226 	14.415 	0.2 	0.142578 	0.0189583 	330
330 	0.178226 	14.65 	0.2 	0.142578 	0.0189569 	331
331 	0.178224 	14.534 	0.2 	0.142613 	0.0189359 	332
332 	0.178214 	14.425 	0.2 	0.142772 	0.0189075 	333
333 	0.1782 	14.435 	0.2 	0.143005 	0.0188946 	334
334 	0.1782 	14.462 	0.2 	0.143005 	0.0188943 	335
335 	0.178195 	14.439 	0.2 	0.143088 	0.0188768 	336
336 	0.178174 	14.39 	0.2 	0.14343 	0.0188829 	337
337 	0.178135 	14.43 	0.2 	0.144079 	0.0189656 	338
338 	0.178135 	14.451 	0.2 	0.144079 	0.0189647 	339
339 	0.178131 	14.437 	0.2 	0.144147 	0.0189417 	340
340 	0.178117 	14.445 	0.2 	0.144376 	0.0189451 	341
341 	0.178079 	14.448 	0.2 	0.145035 	0.019036 	342
342 	0.178079 	14.401 	0.2 	0.145035 	0.0190356 	343
343 	0.178074 	14.613 	0.2 	0.14513 	0.0189984 	344
344 	0.178045 	14.42 	0.2 	0.145628 	0.0190356 	345
345 	0.177997 	14.365 	0.2 	0.146478 	0.0192066 	346
346 	0.177997 	14.362 	0.2 	0.146478 	0.0192063 	347
347 	0.177995 	14.525 	0.2 	0.146522 	0.0191791 	348
348 	0.177984 	14.409 	0.2 	0.146726 	0.0191521 	349
349 	0.177955 	14.501 	0.2 	0.147266 	0.0191768 	350
350 	0.177955 	14.44 	0.2 	0.147266 	0.019176 	351
351 	0.177952 	14.419 	0.2 	0.14733 	0.0191398 	352
352 	0.177935 	14.468 	0.2 	0.147632 	0.0191494 	353
353 	0.177898 	14.496 	0.2 	0.148328 	0.0192293 	354
354 	0.177898 	14.425 	0.2 	0.148328 	0.0192291 	355
355 	0.177893 	14.469 	0.2 	0.148443 	0.0191853 	356
356 	0.177863 	14.496 	0.2 	0.149023 	0.0192176 	357
357 	0.177804 	14.421 	0.2 	0.150179 	0.0193938 	358
358 	0.177804 	14.536 	0.2 	0.150179 	0.0193935 	359
359 	0.177802 	14.507 	0.2 	0.150227 	0.0193603 	360
360 	0.177788 	14.555 	0.2 	0.150512 	0.0192762 	361
361 	0.177776 	14.39 	0.2 	0.150764 	0.019264 	362
362 	0.177776 	14.388 	0.2 	0.150764 	0.0192632 	363
363 	0.177774 	14.422 	0.2 	0.150813 	0.0192378 	364
364 	0.177759 	14.59 	0.2 	0.151131 	0.0192152 	365
365 	0.177739 	14.373 	0.2 	0.151543 	0.0192393 	366
366 	0.177739 	14.537 	0.2 	0.151543 	0.0192391 	367
367 	0.177734 	14.37 	0.2 	0.151653 	0.0192019 	368
368 	0.177703 	14.411 	0.2 	0.152315 	0.0192154 	369
369 	0.177646 	14.451 	0.2 	0.153592 	0.01938 	370
370 	0.177646 	14.536 	0.2 	0.153592 	0.0193797 	371
371 	0.177644 	14.516 	0.2 	0.15365 	0.0193508 	372
372 	0.177632 	14.753 	0.2 	0.153937 	0.0193108 	373
373 	0.177605 	14.398 	0.2 	0.154564 	0.0193616 	374
374 	0.177605 	14.41 	0.2 	0.154564 	0.0193612 	375
375 	0.177604 	14.376 	0.2 	0.154588 	0.0193249 	376
376 	0.177601 	14.404 	0.2 	0.154654 	0.0192771 	377
377 	0.177599 	14.496 	0.2 	0.154717 	0.0192489 	378
378 	0.177598 	14.334 	0.2 	0.154718 	0.0192465 	379
379 	0.177597 	14.428 	0.2 	0.154744 	0.0192263 	380
380 	0.177595 	14.45 	0.2 	0.154817 	0.0192062 	381
381 	0.177591 	14.432 	0.2 	0.154912 	0.0191925 	382
382 	0.177591 	14.363 	0.2 	0.154912 	0.019192 	383
383 	0.177589 	14.408 	0.2 	0.154962 	0.0191796 	384
384 	0.177583 	14.419 	0.2 	0.155086 	0.0191771 	385
385 	0.177574 	14.718 	0.2 	0.155312 	0.0191815 	386
386 	0.177574 	14.832 	0.2 	0.155312 	0.0191803 	387
387 	0.177572 	14.425 	0.2 	0.15536 	0.0191732 	388
388 	0.177566 	14.55 	0.2 	0.155525 	0.0191754 	389
389 	0.177554 	14.565 	0.2 	0.155821 	0.0191938 	390
390 	0.177554 	14.421 	0.2 	0.155821 	0.0191933 	391
391 	0.177551 	14.496 	0.2 	0.155896 	0.0192051 	392
392 	0.177538 	14.383 	0.2 	0.156211 	0.0192859 	393
393 	0.17751 	14.44 	0.2 	0.157025 	0.0195675 	394
394 	0.177509 	14.86 	0.2 	0.157026 	0.0195647 	395
395 	0.177507 	15.242 	0.2 	0.157067 	0.0194331 	396
396 	0.177502 	18.234 	0.2 	0.157191 	0.0193894 	397
397 	0.177485 	16.402 	0.2 	0.157662 	0.0193454 	398
398 	0.177459 	15.441 	0.2 	0.158405 	0.0193717 	399
399 	0.177458 	15.742 	0.2 	0.158405 	0.0193715 	400
400 	0.177458 	14.451 	0.2 	0.158428 	0.0193222 	401
